@ /home/jyb/workspace/mof_descriptor_calculator/data/MOF-808/geo_pro/ASA.txt Unitcell_volume: 43378.2   Density: 0.781234   ASA_A^2: 5907.17 ASA_m^2/cm^3: 1361.78 ASA_m^2/g: 1743.12 NASA_A^2: 34.7189 NASA_m^2/cm^3: 8.00377 NASA_m^2/g: 10.245
Number_of_channels: 1 Channel_surface_area_A^2: 5907.17  
Number_of_pockets: 8 Pocket_surface_area_A^2: 3.74264  4.22042  4.45931  3.58338  4.22042  3.66301  5.17599  5.65377  
