@ /home/jyb/workspace/mof_descriptor_calculator/data/MIL-140-BDC/geo_pro/ASA.txt Unitcell_volume: 2068.36   Density: 1.71681   ASA_A^2: 0 ASA_m^2/cm^3: 0 ASA_m^2/g: 0 NASA_A^2: 7.72417 NASA_m^2/cm^3: 37.3443 NASA_m^2/g: 21.7522
Number_of_channels: 0 Channel_surface_area_A^2: 
Number_of_pockets: 8 Pocket_surface_area_A^2: 1.19446  0.955567  0.875936  0.398153  0.955567  1.59261  0.637045  1.11483  
