@ /home/jyb/workspace/mof_descriptor_calculator/data/MIL-140-BDC/geo_pro/AVA.txt Unitcell_volume: 2068.36   Density: 1.71681   AV_A^3: 0 AV_Volume_fraction: 0 AV_cm^3/g: 0 NAV_A^3: 0.248204 NAV_Volume_fraction: 0.00012 NAV_cm^3/g: 6.98971e-05
Number_of_channels: 0 Channel_volume_A^3: 
Number_of_pockets: 8 Pocket_volume_A^3: 0.0413673  0  0.0827346  0.0413673  0  0.0413673  0.0413673  0  
