@ /home/jyb/workspace/mof_descriptor_calculator/data/MOF-801/geo_pro/AVA.txt Unitcell_volume: 5672.89   Density: 1.57782   AV_A^3: 0 AV_Volume_fraction: 0 AV_cm^3/g: 0 NAV_A^3: 311.896 NAV_Volume_fraction: 0.05498 NAV_cm^3/g: 0.0348455
Number_of_channels: 0 Channel_volume_A^3: 
Number_of_pockets: 12 Pocket_volume_A^3: 8.96317  5.10561  67.6209  62.6288  5.33252  5.78635  63.3095  68.0747  5.89981  4.53832  8.73626  5.89981  
