# generated using pymatgen
data_Zr24C72O103.84
_symmetry_space_group_name_H-M   'P 1'
_cell_length_a   24.84518671
_cell_length_b   24.84518671
_cell_length_c   24.84518671
_cell_angle_alpha   60.00000000
_cell_angle_beta   60.00000000
_cell_angle_gamma   60.00000000
_symmetry_Int_Tables_number   1
_chemical_formula_structural   Zr24C72O103.84
_chemical_formula_sum   'Zr24 C72 O103.84'
_cell_volume   10844.55651463
_cell_formula_units_Z   1
loop_
 _symmetry_equiv_pos_site_id
 _symmetry_equiv_pos_as_xyz
  1  'x, y, z'
loop_
 _atom_site_type_symbol
 _atom_site_label
 _atom_site_symmetry_multiplicity
 _atom_site_fract_x
 _atom_site_fract_y
 _atom_site_fract_z
 _atom_site_occupancy
  C  C2  1  0.62842000  0.52868000  0.31422000  1.0
  C  C2  1  0.52868000  0.31422000  0.52868000  1.0
  C  C2  1  0.31422000  0.52868000  0.62842000  1.0
  C  C2  1  0.52868000  0.62842000  0.52868000  1.0
  C  C2  1  0.52868000  0.31422000  0.62842000  1.0
  C  C2  1  0.31422000  0.52868000  0.52868000  1.0
  C  C2  1  0.52868000  0.62842000  0.31422000  1.0
  C  C2  1  0.62842000  0.52868000  0.52868000  1.0
  C  C2  1  0.31422000  0.62842000  0.52868000  1.0
  C  C2  1  0.52868000  0.52868000  0.31422000  1.0
  C  C2  1  0.62842000  0.31422000  0.52868000  1.0
  C  C2  1  0.52868000  0.52868000  0.62842000  1.0
  C  C2  1  0.22132000  0.22132000  0.43578000  1.0
  C  C2  1  0.12158000  0.43578000  0.22132000  1.0
  C  C2  1  0.22132000  0.22132000  0.12158000  1.0
  C  C2  1  0.43578000  0.12158000  0.22132000  1.0
  C  C2  1  0.22132000  0.43578000  0.12158000  1.0
  C  C2  1  0.12158000  0.22132000  0.22132000  1.0
  C  C2  1  0.22132000  0.12158000  0.43578000  1.0
  C  C2  1  0.43578000  0.22132000  0.22132000  1.0
  C  C2  1  0.22132000  0.12158000  0.22132000  1.0
  C  C2  1  0.12158000  0.22132000  0.43578000  1.0
  C  C2  1  0.22132000  0.43578000  0.22132000  1.0
  C  C2  1  0.43578000  0.22132000  0.12158000  1.0
  C  C1  1  0.69567000  0.49093000  0.32247000  1.0
  C  C1  1  0.49093000  0.32247000  0.49093000  1.0
  C  C1  1  0.32247000  0.49093000  0.69567000  1.0
  C  C1  1  0.49093000  0.69567000  0.49093000  1.0
  C  C1  1  0.49093000  0.32247000  0.69567000  1.0
  C  C1  1  0.32247000  0.49093000  0.49093000  1.0
  C  C1  1  0.49093000  0.69567000  0.32247000  1.0
  C  C1  1  0.69567000  0.49093000  0.49093000  1.0
  C  C1  1  0.32247000  0.69567000  0.49093000  1.0
  C  C1  1  0.49093000  0.49093000  0.32247000  1.0
  C  C1  1  0.69567000  0.32247000  0.49093000  1.0
  C  C1  1  0.49093000  0.49093000  0.69567000  1.0
  C  C1  1  0.25907000  0.25907000  0.42753000  1.0
  C  C1  1  0.05433000  0.42753000  0.25907000  1.0
  C  C1  1  0.25907000  0.25907000  0.05433000  1.0
  C  C1  1  0.42753000  0.05433000  0.25907000  1.0
  C  C1  1  0.25907000  0.42753000  0.05433000  1.0
  C  C1  1  0.05433000  0.25907000  0.25907000  1.0
  C  C1  1  0.25907000  0.05433000  0.42753000  1.0
  C  C1  1  0.42753000  0.25907000  0.25907000  1.0
  C  C1  1  0.25907000  0.05433000  0.25907000  1.0
  C  C1  1  0.05433000  0.25907000  0.42753000  1.0
  C  C1  1  0.25907000  0.42753000  0.25907000  1.0
  C  C1  1  0.42753000  0.25907000  0.05433000  1.0
  C  C3  1  0.59467000  0.49677000  0.31389000  1.0
  C  C3  1  0.59467000  0.31389000  0.49677000  1.0
  C  C3  1  0.31389000  0.59467000  0.59467000  1.0
  C  C3  1  0.49677000  0.59467000  0.59467000  1.0
  C  C3  1  0.49677000  0.31389000  0.59467000  1.0
  C  C3  1  0.31389000  0.49677000  0.59467000  1.0
  C  C3  1  0.59467000  0.59467000  0.31389000  1.0
  C  C3  1  0.59467000  0.59467000  0.49677000  1.0
  C  C3  1  0.31389000  0.59467000  0.49677000  1.0
  C  C3  1  0.49677000  0.59467000  0.31389000  1.0
  C  C3  1  0.59467000  0.31389000  0.59467000  1.0
  C  C3  1  0.59467000  0.49677000  0.59467000  1.0
  C  C3  1  0.15533000  0.25323000  0.43611000  1.0
  C  C3  1  0.15533000  0.43611000  0.25323000  1.0
  C  C3  1  0.25323000  0.15533000  0.15533000  1.0
  C  C3  1  0.43611000  0.15533000  0.15533000  1.0
  C  C3  1  0.15533000  0.43611000  0.15533000  1.0
  C  C3  1  0.15533000  0.25323000  0.15533000  1.0
  C  C3  1  0.25323000  0.15533000  0.43611000  1.0
  C  C3  1  0.43611000  0.15533000  0.25323000  1.0
  C  C3  1  0.15533000  0.15533000  0.25323000  1.0
  C  C3  1  0.15533000  0.15533000  0.43611000  1.0
  C  C3  1  0.25323000  0.43611000  0.15533000  1.0
  C  C3  1  0.43611000  0.25323000  0.15533000  1.0
  O  O1  1  0.72205000  0.42881000  0.32777000  1.0
  O  O1  1  0.52137000  0.32777000  0.42881000  1.0
  O  O1  1  0.32777000  0.52137000  0.72205000  1.0
  O  O1  1  0.42881000  0.72205000  0.52137000  1.0
  O  O1  1  0.42881000  0.32777000  0.72205000  1.0
  O  O1  1  0.32777000  0.42881000  0.52137000  1.0
  O  O1  1  0.52137000  0.72205000  0.32777000  1.0
  O  O1  1  0.72205000  0.52137000  0.42881000  1.0
  O  O1  1  0.32777000  0.72205000  0.42881000  1.0
  O  O1  1  0.42881000  0.52137000  0.32777000  1.0
  O  O1  1  0.72205000  0.32777000  0.52137000  1.0
  O  O1  1  0.52137000  0.42881000  0.72205000  1.0
  O  O1  1  0.22863000  0.32119000  0.42223000  1.0
  O  O1  1  0.02795000  0.42223000  0.32119000  1.0
  O  O1  1  0.32119000  0.22863000  0.02795000  1.0
  O  O1  1  0.42223000  0.02795000  0.22863000  1.0
  O  O1  1  0.22863000  0.42223000  0.02795000  1.0
  O  O1  1  0.02795000  0.32119000  0.22863000  1.0
  O  O1  1  0.32119000  0.02795000  0.42223000  1.0
  O  O1  1  0.42223000  0.22863000  0.32119000  1.0
  O  O1  1  0.22863000  0.02795000  0.32119000  1.0
  O  O1  1  0.02795000  0.22863000  0.42223000  1.0
  O  O1  1  0.32119000  0.42223000  0.22863000  1.0
  O  O1  1  0.42223000  0.32119000  0.02795000  1.0
  O  O1  1  0.02795000  0.32119000  0.42223000  1.0
  O  O1  1  0.22863000  0.42223000  0.32119000  1.0
  O  O1  1  0.42223000  0.22863000  0.02795000  1.0
  O  O1  1  0.32119000  0.02795000  0.22863000  1.0
  O  O1  1  0.32119000  0.42223000  0.02795000  1.0
  O  O1  1  0.42223000  0.32119000  0.22863000  1.0
  O  O1  1  0.22863000  0.02795000  0.42223000  1.0
  O  O1  1  0.02795000  0.22863000  0.32119000  1.0
  O  O1  1  0.42223000  0.02795000  0.32119000  1.0
  O  O1  1  0.32119000  0.22863000  0.42223000  1.0
  O  O1  1  0.02795000  0.42223000  0.22863000  1.0
  O  O1  1  0.22863000  0.32119000  0.02795000  1.0
  O  O1  1  0.52137000  0.42881000  0.32777000  1.0
  O  O1  1  0.72205000  0.32777000  0.42881000  1.0
  O  O1  1  0.42881000  0.52137000  0.72205000  1.0
  O  O1  1  0.32777000  0.72205000  0.52137000  1.0
  O  O1  1  0.52137000  0.32777000  0.72205000  1.0
  O  O1  1  0.72205000  0.42881000  0.52137000  1.0
  O  O1  1  0.42881000  0.72205000  0.32777000  1.0
  O  O1  1  0.32777000  0.52137000  0.42881000  1.0
  O  O1  1  0.52137000  0.72205000  0.42881000  1.0
  O  O1  1  0.72205000  0.52137000  0.32777000  1.0
  O  O1  1  0.42881000  0.32777000  0.52137000  1.0
  O  O1  1  0.32777000  0.42881000  0.72205000  1.0
  O  O3  1  0.90931000  0.31745000  0.31745000  0.5
  O  O3  1  0.45579000  0.31745000  0.31745000  0.5
  O  O3  1  0.31745000  0.45579000  0.90931000  0.5
  O  O3  1  0.31745000  0.90931000  0.45579000  0.5
  O  O3  1  0.31745000  0.31745000  0.90931000  0.5
  O  O3  1  0.31745000  0.31745000  0.45579000  0.5
  O  O3  1  0.45579000  0.90931000  0.31745000  0.5
  O  O3  1  0.90931000  0.45579000  0.31745000  0.5
  O  O3  1  0.31745000  0.90931000  0.31745000  0.5
  O  O3  1  0.31745000  0.45579000  0.31745000  0.5
  O  O3  1  0.90931000  0.31745000  0.45579000  0.5
  O  O3  1  0.45579000  0.31745000  0.90931000  0.5
  O  O3  1  0.29421000  0.43255000  0.43255000  0.5
  O  O3  1  0.84069000  0.43255000  0.43255000  0.5
  O  O3  1  0.43255000  0.29421000  0.84069000  0.5
  O  O3  1  0.43255000  0.84069000  0.29421000  0.5
  O  O3  1  0.29421000  0.43255000  0.84069000  0.5
  O  O3  1  0.84069000  0.43255000  0.29421000  0.5
  O  O3  1  0.43255000  0.84069000  0.43255000  0.5
  O  O3  1  0.43255000  0.29421000  0.43255000  0.5
  O  O3  1  0.29421000  0.84069000  0.43255000  0.5
  O  O3  1  0.84069000  0.29421000  0.43255000  0.5
  O  O3  1  0.43255000  0.43255000  0.29421000  0.5
  O  O3  1  0.43255000  0.43255000  0.84069000  0.5
  O  O5  1  0.77186000  0.40938000  0.40938000  0.5
  O  O5  1  0.40938000  0.40938000  0.40938000  0.5
  O  O5  1  0.40938000  0.40938000  0.77186000  0.5
  O  O5  1  0.40938000  0.77186000  0.40938000  0.5
  O  O5  1  0.34062000  0.34062000  0.34062000  0.5
  O  O5  1  0.97814000  0.34062000  0.34062000  0.5
  O  O5  1  0.34062000  0.34062000  0.97814000  0.5
  O  O5  1  0.34062000  0.97814000  0.34062000  0.5
  O  O6A  1  0.82129000  0.35903000  0.25799000  0.83
  O  O6A  1  0.56169000  0.25799000  0.35903000  0.83
  O  O6A  1  0.25799000  0.56169000  0.82129000  0.83
  O  O6A  1  0.35903000  0.82129000  0.56169000  0.83
  O  O6A  1  0.35903000  0.25799000  0.82129000  0.83
  O  O6A  1  0.25799000  0.35903000  0.56169000  0.83
  O  O6A  1  0.56169000  0.82129000  0.25799000  0.83
  O  O6A  1  0.82129000  0.56169000  0.35903000  0.83
  O  O6A  1  0.25799000  0.82129000  0.35903000  0.83
  O  O6A  1  0.35903000  0.56169000  0.25799000  0.83
  O  O6A  1  0.82129000  0.25799000  0.56169000  0.83
  O  O6A  1  0.56169000  0.35903000  0.82129000  0.83
  O  O6A  1  0.18831000  0.39097000  0.49201000  0.83
  O  O6A  1  0.92871000  0.49201000  0.39097000  0.83
  O  O6A  1  0.39097000  0.18831000  0.92871000  0.83
  O  O6A  1  0.49201000  0.92871000  0.18831000  0.83
  O  O6A  1  0.18831000  0.49201000  0.92871000  0.83
  O  O6A  1  0.92871000  0.39097000  0.18831000  0.83
  O  O6A  1  0.39097000  0.92871000  0.49201000  0.83
  O  O6A  1  0.49201000  0.18831000  0.39097000  0.83
  O  O6A  1  0.18831000  0.92871000  0.39097000  0.83
  O  O6A  1  0.92871000  0.18831000  0.49201000  0.83
  O  O6A  1  0.39097000  0.49201000  0.18831000  0.83
  O  O6A  1  0.49201000  0.39097000  0.92871000  0.83
  O  O6A  1  0.92871000  0.39097000  0.49201000  0.83
  O  O6A  1  0.18831000  0.49201000  0.39097000  0.83
  O  O6A  1  0.49201000  0.18831000  0.92871000  0.83
  O  O6A  1  0.39097000  0.92871000  0.18831000  0.83
  O  O6A  1  0.39097000  0.49201000  0.92871000  0.83
  O  O6A  1  0.49201000  0.39097000  0.18831000  0.83
  O  O6A  1  0.18831000  0.92871000  0.49201000  0.83
  O  O6A  1  0.92871000  0.18831000  0.39097000  0.83
  O  O6A  1  0.49201000  0.92871000  0.39097000  0.83
  O  O6A  1  0.39097000  0.18831000  0.49201000  0.83
  O  O6A  1  0.92871000  0.49201000  0.18831000  0.83
  O  O6A  1  0.18831000  0.39097000  0.92871000  0.83
  O  O6A  1  0.56169000  0.35903000  0.25799000  0.83
  O  O6A  1  0.82129000  0.25799000  0.35903000  0.83
  O  O6A  1  0.35903000  0.56169000  0.82129000  0.83
  O  O6A  1  0.25799000  0.82129000  0.56169000  0.83
  O  O6A  1  0.56169000  0.25799000  0.82129000  0.83
  O  O6A  1  0.82129000  0.35903000  0.56169000  0.83
  O  O6A  1  0.35903000  0.82129000  0.25799000  0.83
  O  O6A  1  0.25799000  0.56169000  0.35903000  0.83
  O  O6A  1  0.56169000  0.82129000  0.35903000  0.83
  O  O6A  1  0.82129000  0.56169000  0.25799000  0.83
  O  O6A  1  0.35903000  0.25799000  0.56169000  0.83
  O  O6A  1  0.25799000  0.35903000  0.82129000  0.83
  Zr  Zr1  1  0.80724000  0.35282000  0.35282000  1.0
  Zr  Zr1  1  0.48712000  0.35282000  0.35282000  1.0
  Zr  Zr1  1  0.35282000  0.48712000  0.80724000  1.0
  Zr  Zr1  1  0.35282000  0.80724000  0.48712000  1.0
  Zr  Zr1  1  0.35282000  0.35282000  0.80724000  1.0
  Zr  Zr1  1  0.35282000  0.35282000  0.48712000  1.0
  Zr  Zr1  1  0.48712000  0.80724000  0.35282000  1.0
  Zr  Zr1  1  0.80724000  0.48712000  0.35282000  1.0
  Zr  Zr1  1  0.35282000  0.80724000  0.35282000  1.0
  Zr  Zr1  1  0.35282000  0.48712000  0.35282000  1.0
  Zr  Zr1  1  0.80724000  0.35282000  0.48712000  1.0
  Zr  Zr1  1  0.48712000  0.35282000  0.80724000  1.0
  Zr  Zr1  1  0.26288000  0.39718000  0.39718000  1.0
  Zr  Zr1  1  0.94276000  0.39718000  0.39718000  1.0
  Zr  Zr1  1  0.39718000  0.26288000  0.94276000  1.0
  Zr  Zr1  1  0.39718000  0.94276000  0.26288000  1.0
  Zr  Zr1  1  0.26288000  0.39718000  0.94276000  1.0
  Zr  Zr1  1  0.94276000  0.39718000  0.26288000  1.0
  Zr  Zr1  1  0.39718000  0.94276000  0.39718000  1.0
  Zr  Zr1  1  0.39718000  0.26288000  0.39718000  1.0
  Zr  Zr1  1  0.26288000  0.94276000  0.39718000  1.0
  Zr  Zr1  1  0.94276000  0.26288000  0.39718000  1.0
  Zr  Zr1  1  0.39718000  0.39718000  0.26288000  1.0
  Zr  Zr1  1  0.39718000  0.39718000  0.94276000  1.0
